[DASH_CAM]
POS=0.307161,0.910559,0.305133
EXP=26
